
79309347
79309753
79312337
79315218
79315780
79315852
79316256
79316274
79316497
79317831
79318539
79318548
79319758
79321383
79322639
79330048
79330919
79331436
79332088
79333187
79334425
79335848
79336808
79337689
79338048
79340188
79340317
79344549
79345790
79347220
79350377
79351416
79351506
79351561
79352500
79352690
79352803
79353990
79354298
79356336
79356664
79356924
79356955
79357150
79359041
79359083
79363879
79364100
79371325
79371818
79371819
79371820
79372282
79384225
79384430
79384551
79384561
79384618
79386071
79390286
79390325
79391054
79391166
79391167
79391731
79394696
79395191
79395391
79396021
79397662
79400296
79401055
79410257
79410732
79410859
79410875
79410876
79410979
79411022
79411023
79411024
79411025
79411911
79412454
79414290
79420726
79421449
79421452
79421961
79427571
79429212
79431624
79431767
79432128
90373413
90373454
90377935
90379370
90382194
90383303
90387250
90390595
90390834
90390839
90390841
90395794
90395808
90399108
90399120
90399133
90399142
90399154
90399226
90399234
90399239
90399252
90399287
90399291
90399292
90399385
90399814
90399845
90399888
90401712
90405851
90405854
90405866
90406741
90406756
90406773
90407098
90407176
90410679
90410680
90410707
90414556
90414559
90414561
90414566
90415160
90415165
90415981
90416011
90416975
90420980
90425296
90425349
90425361
90426015
90426279
90426412
90428681
90428726
90428752
90430471
90430773
90430775
90430785
90430918
90432184
90432805
90432806
90432843
90433830
90433831
90434722
90434724
90434726
90438119
90438141
90438166
90438202
90438215
90438221
90438247
90438449
90440046
90440126
90440135
90441536
90441952
90445021
90445319
90445329
90445336
90445340
90445349
90445353
90445744
90445745
90446852
90447357
90447737
90447754
90447762
90447766
90448891
90448898
90449512
90449514
90449515
90450956
90451022
90451937
90452400
90452402
90452403
90453281
90453283
90454747
90457083
90457085
90457344
90457345
90457347
90458064
90458511
90458520
90458823
90458833
90459051
90459104
90459143
90459295
90459345
90459347
90459350
90459357
90460977
90460985
90461406
90464419
90464420
90464422
90464910
90466097
90466149
90466292
90466571
90466597
90466600
90466902
90467034
90467352
90468120
90469062
90469113
90469135
90469246
90469548
90469549
90469704
90469708
90469710
90474364
90477246
90477306
90478890
90478891
90479166
90481342
90481343
90481345
90482301
90482442
90482461
90482490
90483903
90484004
90486716
90486774
90486834
90488469
90488591
90488615
90488656
90488678
90489102
90490059
90490472
90490476
90490479
90490480
90490481
90490482
90491484
90491561
90492504
90492712
90492717
90492723
90493480
90495194
90495195
90495319
90498946
90498948
90501206
90501214
90501346
90503155
90504850
90505303
90505306
90505573
90505575
90505576
90505662
90506045
90506092
90506093
90506094
90506096
90506719
90507405
90507412
90507417
90507671
90507677
90507884
90507992
90508526
90508911
90512242
90512245
90512271
90512273
90512755
90512899
90513111
90513113
90513188
90513766
90517660
90517661
90517662
90517664
90517862
90517868
90518747
90519867
90519942
90519958
90522327
90523706
90524850
90525194
90525295
90525418
90525423
90525553
90525662
90525802
90527749
90527753
90527755
90530062
90531422
90531429
90531438
90531440
90531648
90531650
90531718
90534706
90535805
90535849
90536151
90536175
90539367
90539506
90539755
90540241
90545903
90546953
90547188
90548645
90549102
90549215
90549601
90549639
90549718
90552741
90552748
90552860
90554661
90555068
90555279
90555323
90555753
90555846
90557549
90559365
90560352
90560430
90562822
90563229
90564067
90564423
90566518
90566916
90566995
90567251
90568296
90568309
90568554
90569084
90569135
90569375
90569839
90569845
90569944
90569973
90570065
90570239
90570268
90570515
90573523
90573585
90573991
90574219
90577730
90577955
90578621
90579826
90579867
90580021
90580153
90581985
90583236
90583238
90583524
90584877
90585036
90585643
90586781
90586902
90586937
90586993
90587016
90587250
90587283
90587296
90587302
90587427
90587471
90587486
90587681
90587719
90590516
90590583
90590598
90592134
90592825
90592845
90593302
90593665
90593805
90595163
90595188
90595210
90595291
90596472
90596900
90596978
90597015
90597052
90598535
90598536
90598539
90598600
90599057
90599282
90599661
90599752
90599761
90599806
90599837
90601381
90601428
90601573
90602314
90602590
90602840
90602969
90603889
90603947
90604251
90604265
90606022
90606135
90607695
90609266
90609464
90621309
90621450
90622809
90622832
90622936
90623902
90624076
90625030
90625056
90626987
90633526
90634216
90634283
90634328
90634557
90634587
90634592
90636661
90636842
90639159
90639461
90640080
90642750
90643736
90644236
90644246
90644265
90644368
90646834
90647410
90647515
90647593
90647982
90648072
90648232
90648258
90648262
90648374
90648610
90649069
90649362
90651917
90651924
90651926
90651927
90651928
90651934
90652655
90652808
90653506
90653510
90653606
90653728
90657692
90658935
90661942
90662123
90663304
90663366
90663426
90663474
90663908
90663986
90664653
90664695
90664696
90664697
90665906
90666300
90666406
90669071
90669160
90671435
90671441
90671479
90671501
90671750
90671856
90672212
90672697
90673852
90679271
90684397
90685231
90686488
90687958
90689856
90689944
90690045
90690133
90690494
90695508
90696994
90697608
90697977
90698101
90702487
90702534
90702697
90705461
90706232
90706273
90706408
90707073
90709279
90709655
90709675
90709703
90711467
90711743
90711752
90711756
90711802
90714660
90716143
90716171
90716192
90716225
90716298
90716329
90719391
90719599
90719732
90719775
90720435
90723112
90723313
90723374
90723582
90724473
90724588
90724681
90724922
90725358
90725375
90725424
90725796
90725938
90726429
90726801
90726903
90727116
90729408
90730933
90731071
90731289
90731889
90731891
90732419
90732512
90732608
90733048
90733392
90735827
90736003
90736156
90736745
90738977
90738984
90738986
90744204
90746189
90746363
90746477
90746544
90747867
90748042
90748146
90749106
90749219
90749739
90749961
90751936
90752561
90753001
90755108
90757955
90762320
90763101
90763227
90763487
90765890
90766986
90767309
90767811
90767874
90768674
90769117
90769345
90769468
90772741
90773715
90777397
90777743
90777895
90778003
90778202
90779029
90780473
90780578
90780904
90783127
90784741
90785087
90785370
90785509
90792822
90793380
90793394
90793396
90793645
90793700
90793707
90793712
90793716
90793723
90793725
90793728
90797048
90801145
90801252
90801262
90801283
90803361
90803642
90803897
90804502
90804815
90805400
90805882
90805886
90806994
90808261
90813150
90813672
90814203
90815833
90815896
90817831
90817848
90817940
90819400
90819403
90820745
90825324
90825341
90825346
90825369
90825376
90825377
90826400
90826414
90826431
90826744
90826754
90826797
90827178
90827179
90827485
90827632
90830207
90830543
90831619
90832397
90833160
90834688
90835346
90835348
90835416
90835506
90835787
90835920
90835921
90836974
90837789
90837859
90837937
90839047
90841002
90841003
90841040
90841224
90841765
90841778
90841790
90841792
90841793
90841797
90842350
90842354
90842357
90842360
90844141
90844315
90849159
90851366
90853909
90854932
90855579
90855618
90856972
90856973
90856974
90856976
90856977
90856978
90856981
90857609
90857611
90858285
90860212
90864568
90867700
90867710
90867721
90867733
90869885
90880614
90880883
90880884
90880886
90881084
90881603
90883206
90884703
90885865
90885924
90891625
90893361
90893481
90893485
90893680
90895815
90896266
90898205
90898206
90898208
90898209
90898211
90904140
90904613
90906563
90906827
90975394
90975413
90975949
90977388
90979181
97001056
97002641
97002659
97002668
97002675
97002676
97003312
97004203
97004219
97004277
97007261
97007434
97007717
97010440
97010451
97010951
97011707
97011739
97011748
97012349
97012353
97012355
97012386
97013395
97013436
97013635
97013814
97013898
97014405
97014754
97014762
97015456
97019222
97027449
97038557
97040430
97048915
97049127
97057609
97059574
97059617
97059653
97060864
97061311
97061317
97061327
97061475
97061479
97061485
97061488
97061909
97063957
97071098
97071105
97071108
97071115
97072574
97072705
97073090
97073142
97073153
97073828
97073829
97073830
97073831
97073832
97074231
97074263
97075611
97075767
97076001
97078295
97079671
97080105
97080367
97080415
97082314
97084283
97094337
97095175
97095259
97097373
97097962
97098103
97098272
97098526
97098527
97100053
97100062
97100667
97101448
97101874
97101970
97102085
97102625
97102704
97107252
97108196
97108241
97108378
97108449
97108839
97109009
97110154
97110376
97110378
97113988
97114220
97114224
97114225
97114226
97114976
97117945
97118176
97121680
97123698
97130408
97131494
97140967
97141037
97142108
97142118
97142120
97142124
97142126
97142128
97143244
97143245
97143313
97143609
97144948
97147578
97148883
97149461
97149638
97149694
97153078
97153361
97153372
97153387
97154418
97154421
97154582
97155125
97156542
97166189
97168362
97169145
97171891
97171921
97171957
97171978
97172010
97172042
97172054
97174194
97174240
97175787
97175789
97179046
97182495
97182503
97182524
97182548
97187252
97188081
97188099
97191716
97191719
97191721
97194519
97194615
97196126
97196158
97196662
97197117
97197196
97198043
97201724
97203554
97203768
97203892
97204023
97204326
97206179
97206394
97206416
97208385
97208456
97208537
97208632
97210576
97210585
97210592
97210631
97210762
97210880
97211467
97211522
97211667
97212830
97212845
97219373
97219381
97220938
97222516
97226983
97227092
97227760
97230241
97230258
97230265
97230466
97230504
97230754
97232131
97232300
97233649
97233651
97234449
97234478
97234677
97235013
97235382
97236889
97236905
97236916
97237042
97242147
97242174
97242882
97243459
97245020
97245024
97245715
97246665
97246675
97246723
97246817
97247818
97248024
97248296
97248648
97248704
97248753
97249584
97249609
97249639
97249772
97249915
97250222
97251251
97252010
97253067
97253127
97253296
97253302
97253351
97254379
97255071
97255151
97255521
97255524
97255890
97256149
97258866
97259016
97259439
97262297
97262977
97263147
97263155
97263579
97264251
97264257
97264264
97265053
97265693
97267017
97268174
97268295
97272272
97272761
97274394
97274402
97274611
97274695
97274878
97274928
97275111
97276465
97277448
97277456
97277462
97277464
97277465
97277467
97277468
97277469
97277472
97278398
97278634
97278872
97279493
97279719
97279720
97279721
97282126
97283555
97283572
97284676
97284692
97284700
97284709
97284717
97290419
97290438
97290441
97290445
97290854
97290857
97290858
97291039
97291094
97293242
97293489
97295710
97296218
97296281
97296282
97297819
97297894
97298288
97298327
97299194
97299384
97299483
97299639
97299743
97300431
97300433
97302745
97302746
97302867
97303034
97303110
97303582
97303627
97303632
97303934
97304691
97306014
97306152
97306153
97306826
97306829
97306830
97306831
97306834
97306835
97306839
97319765
97319995
97323552
97323619
97323788
97323804
97324982
97325012
97325149
97326103
97326264
97326537
97326541
97328706
97329148
97329275
97331087
97331118
97331538
97331696
97332894
97333253
97333563
97333567
97333587
97334795
97336006
97338413
97339788
97344762
97345137
97345239
97346760
97346897
97348810
97350115
97350250
97354201
97364021
97365083
97365841
97365843
97365844
97366002
97366089
97366137
97366358
97367475
97367598
97367602
97367743
97371552
97371812
97372121
97372223
97373345
97373404
97373729
97373731
97373751
97373834
97373849
97374485
97381262
97383826
97383966
97383985
97386089
97386110
97386152
97386184
97386415
97386798
97386839
97394661
97394669
97394677
97394682
97394686
97394692
97395059
97398538
97398602
97398671
97398801
97398878
97399718
97399843
97400295
97401516
97402092
97402095
97403312
97403327
97403347
97403397
97403398
97403445
97403961
97405326
97405356
97405379
97405396
97407008
97407044
97408836
97409336
97409398
97409534
97409741
97409796
97412440
97412857
97412876
97412879
97416105
97416119
97416128
97416345
97416679
97416899
97418315
97418603
97418704
97418720
97419493
97420732
97420741
97421454
97421460
97421510
97423374
97424094
97424377
97424412
97424444
97424470
97429145
97430464
97430541
97433657
97434352
97434353
97434456
97434648
97435420
97435442
97435459
97435565
97436990
97436993
97436994
97437084
97437698
97440988
97441973
97442238
97442255
97442265
97442279
97443725
97443892
97444011
97444024
97444560
97444624
97444830
97446375
97446441
97450949
97456714
97464073
97466640
97466832
97468542
97468631
97468961
97468967
97472527
97473253
97473280
97473303
97473327
97474117
97474182
97474199
97474919
97475977
97476085
97476094
97476103
97477818
97477826
97479952
97480634
97480635
97480637
97480639
97480643
97480647
97480649
97480886
97480906
97481862
97481922
97482770
97484213
97491246
97491460
97496781
97496946
97496968
97497150
97497541
97498475
97498660
97499220
97503190
97503227
97507621
97511260
97512757
97514017
97514744
97515566
97515594
97515669
97516657
97518167
97518172
97518297
97518300
97518802
97519396
97519916
97520205
97520593
97521465
97521693
97522632
97522767
97522875
97522879
97523151
97523188
97523987
97523994
97524088
97524226
97524246
97524335
97526041
97526122
97526435
97526567
97527184
97527187
97529123
97529125
97529392
97529403
97530976
97530982
97532154
97533806
97534244
97535261
97535666
97536074
97536565
97537002
97537510
97538321
97538322
97539194
97540090
97540215
97540925
97540928
97540931
97541846
97541876
97542740
97545342
97545605
97546373
97546412
97546502
97546532
97546705
97548444
97548445
97548902
97548906
97549053
97549054
97549083
97549388
97549392
97549394
97551136
97551185
97552981
97554173
97554174
97554178
97554246
97554475
97554477
97554484
97555271
97556320
97557050
97557459
97557524
97557726
97558360
97558601
97561000
97561009
97561211
97561962
97566440
97566636
97566639
97566641
97569588
97573673
97575978
97579432
97603136
97603154
97603781
97605994
97606680
97607202
97607385
97607522
97607717
97607780
97607947
97608419
97608425
97608428
97608431
97608492
97608574
97608632
97608977
97609110
97610685
97610689
97610694
97610700
97610706
97610804
97610871
97610888
97611186
97611279
97611370
97611988
97612636
97612646
97612670
97612689
97612727
97615184
97615221
97615248
97615325
97615380
97616842
97616849
97616889
97617026
97617081
97617347
97617573
97617625
97617834
97618410
97618859
97619018
97619395
97620635
97620853
97621443
97621575
97621916
97621918
97623513
97623548
97623550
97627670
97632189
97632871
97633131
97638220
97638329
97638832
97638841
97639180
97639202
97639961
97639969
97642539
97642541
97643936
97645198
97645202
97645301
97645357
97645809
97646596
97647169
97647529
97647697
97647702
97647708
97647753
97648545
97648594
97648619
97648693
97648720
97648758
97648762
97650885
97651280
97652277
97653363
97657348
97659508
97659849
97661316
97661372
97663602
97663976
97663989
97666186
97666251
97666627
97666628
97667390
97667425
97667718
97667810
97668150
97668546
97669715
97669784
97669997
97671705
97671736
97673544
97673658
97674620
97674957
97675195
97675318
97675319
97675332
97675342
97675348
97675351
97675353
97678776
97679979
97680461
97680655
97680684
97680686
97681294
97681295
97681296
97681652
97681805
97681870
97687712
97687714
97689012
97690558
97691755
97697998
97698199
97698205
97698510
97698582
97698658
97698736
97701580
97701781
97701900
97706422
97709817
97712295
97713384
97713494
97713644
97713870
97714121
97718944
97721823
97723370
97723480
97727251
97729491
97729877
97737610
97738866
97739300
97739968
97741023
97741772
97742520
97742732
97744678
97744765
97744953
97744959
97744960
97744963
97744965
97746078
97746210
97746288
97747613
97747725
97748111
97748435
97748504
97748527
97748540
97749921
97749933
97749942
97750033
97750491
97750524
97750683
97752328
97752436
97752457
97752499
97752794
97753336
97754133
97754164
97754176
97754972
97755003
97755037
97755132
97755483
97755487
97755489
97755493
97755494
97756417
97756422
97757021
97757181
97757367
97757384
97757543
97758805
97759256
97759399
97760362
97760755
97760831
97761034
97761913
97761915
97762492
97762498
97762501
97762506
97762934
97763977
97765672
97765682
97765688
97765692
97765696
97768255
97768259
97768663
97770501
97770550
97770668
97770717
97771238
97771420
97771536
97772021
97773704
97773793
97773919
97775738
97776508
97776881
97776971
97777248
97778084
97778100
97778494
97778581
97779654
97779994
97780167
97780180
97780416
97780511
97783839
97786110
97786115
97788297
97788306
97788492
97788529
97790036
97790118
97790223
97790388
97790441
97790661
97790664
97791254
97792935
97793542
97793935
97793998
97794570
97794779
97797688
97797725
97797826
97797836
97797846
97797856
97797958
97803352
97805793
97805798
97805903
97805911
97806002
97807429
97807436
97807437
97807438
97807443
97807445
97807448
97812184
97812185
97812907
97813131
97813196
97813198
97813203
97816146
97816881
97816883
97816884
97816885
97816889
97816891
97816893
97816895
97817431
97818755
97818777
97820864
97820868
97824018
97824036
97824085
97824150
97824172
97824184
97824189
97824204
97824224
97824227
97825577
97825583
97825604
97826810
97826813
97828457
97828491
97832411
97832414
97832415
97833308
97833430
97833483
97835306
97839205
97839206
97842031
97847391
97847403
97847414
97847870
97851966
97853585
97863988
97869820
97878677
97880207
97880320
97880341
97882066
97882300
97882794
97883483
97883569
97883574
97884920
97885216
97885228
97885314
97885358
97885460
97885510
97886535
97886707
97887085
97887088
97887090
97887091
97887093
97887094
97887163
97887249
97887280
97887367
97888740
97888867
97888871
97888872
97889071
97889104
97889148
97889154
97889237
97889439
97889440
97890559
97890745
97890750
97891186
97891187
97891424
97891456
97891457
97891458
97891496
97891935
97892215
97892411
97892975
97892976
97892978
97893033
97893036
97895310
97895471
97895539
97895564
97895581
97896544
97897085
97899136
97899305
97899324
97899352
97899442
97899529
97899744
97900359
97900428
97900995
97901038
97901041
97901046
97901137
97901508
97901994
97901996
97901997
97901998
97904811
97904812
97904906
97905567
97906257
97906297
97906672
97906674
97906822
97909172
97909230
97909231
97909875
97909955
97910028
97910881
97910991
97911265
97911490
97911783
97911826
97912108
97913371
97913858
97913884
97913891
97913892
97913961
97914080
97915151
97915240
97916288
97916311
97916338
97918227
97918386
97918395
97918398
97918463
97918525
97918544
97918625
97918626
97918632
97918700
97919669
97921625
97922813
97922814
97925053
97925064
97925075
97925093
97925114
97926813
97926934
97927539
97927557
97931225
97931268
97931799
97931844
97932022
97934302
97935103
97935239
97936131
97936402
97936459
97937394
97975583
97975809
97976222
97976459
97976589
98010728
98018227
98020824
98024007
98024019
98040841
98040863
98050482
98054335
98054434
98064229
98070641
98075404
98083119
98083305
98086340
98086355
98086359
98086373
98091014
98108195
98111444
98122704
98143815
98206823
98227473
98228094
98231920
98273284
98304098
98308619
98318942
98336244
98344428
98347067
98348451
98350371
98355403
98362271
98370081
98370251
98370767
98379452
98381203
98381308
98385042
98385045
98385052
98387627
98394367
98398737
98403908
98403922
98405682
98411007
98419089
98437593
98474149
98482299
98482667
98484460
98484621
98495472
98495869
98497763
98497829
98497875
98497888
98505729
98506922
98506994
98507843
98507868
98508189
98509631
98509655
98509661
98512097
98513667
98515704
98620013
98632370
98632383
98638893
98638901
98687159
98687161
98687521
98687524
98687531
98690109
98691506
98692977
98693241
98693601
98693926
98693957
98694025
98694649
98697205
98697213
98703065
98705047
98705060
98711645
98711652
98711684
98711778
98717200
98717201
98717203
98717216
98718592
98718599
98720315
98723980
98724060
98724079
98724090
98724100
98726281
98732321
98735110
98735114
98751339
98758962
98768009
98771122
98772571
98772577
98775888
98775986
98777251
98782337
98790017
98790024
98800454
98800486
98800491
98819155
98820510
98820512
98822644
98822653
98823501
98826127
98827156
98827166
98827168
98827296
98827333
98827339
98831277
98833112
98833181
98833192
98833199
98853239
98853305
98853322
98853338
98855339
98855683
98855684
98856158
98856163
98856230
98856241
98856289
98857161
98857165
98863107
98865692
98865698
98865702
98865707
98865714
98867914
98868194
98868555
98869105
98869106
98872533
98872538
98875824
98875825
98875827
98875828
98879015
98879021
98880578
98880596
98887492
98887576
98887592
98887597
98887735
98887774
98887786
98887794
98891254
98891271
98894488
98894489
98894499
98894522
98894526
98894537
98894543
98894547
98894556
98894670
98894676
98894684
98900587
98901526
98901527
98901551
98901555
98901561
98901565
98904535
98904536
98904540
98904542
98904543
98904546
98904549
98904553
98904554
98906569
98906574
98907283
98907670
98910195
98910197
98913630
98913632
98916687
98917064
98918038
98919377
98920441
98920442
98928414
98928738
98928740
98928744
98928805
98933593
98949952
98949953
98954311
98975279
98975755
98976144
98976528
99002910
99014445
99014449
99014474
99014483
99014494
99014501
99014507
99014517
99014526
99019289
99019292
99019296
99019297
99021123
99023388
99024264
99024273
99024274
99024275
99024330
99024676
99028178
99028363
99028436
99030008
99030012
99047106
99047162
99047168
99050283
99052495
99052502
99052531
99052538
99052604
99052645
99052736
99054572
99054593
99054616
99054740
99055766
99056431
99057096
99057108
99057136
99061199
99061206
99061213
99061217
99061225
99061245
99063103
99065670
99065673
99065674
99065676
99067601
99067604
99067607
99067610
99067614
99068354
99069171
99069209
99072823
99073872
99073883
99073888
99073890
99073892
99073911
99073950
99073952
99073953
99073954
99073975
99073977
99076256
99076259
99076260
99076264
99076272
99076277
99076967
99076968
99077145
99077154
99077646
99077647
99077694
99077863
99077874
99077892
99083259
99083338
99088115
99088126
99088129
99088130
99088132
99088133
99088377
99090886
99091011
99092270
99092274
99092275
99092281
99092284
99092287
99092291
99092292
99092322
99102695
99103076
99104556
99105053
99105054
99105055
99105447
99105460
99105463
99105464
99105466
99107750
99107756
99108882
99108885
99108889
99108891
99113061
99114666
99115706
99116612
99116883
99116903
99119364
99119370
99120393
99121380
99121392
99121393
99121426
99121430
99121454
99121512
99129046
99132506
99132566
99132684
99133912
99133918
99137546
99181150
99193423
99193435
99193436
99193439
99193441
99193442
99193444
99193445
99193466
99193468
99193470
99193851
99194250
99194255
99194257
99194260
99194271
99194275
99194276
99194278
99194280
99194282
99194283
99200038
99201807
99201808
99201809
99201810
99201812
99201814
99201815
99201816
99201817
99201822
99201827
99201852
99201856
99203598
99203646
99203865
99203866
99204146
99204166
99206237
99210756
99210759
99210760
99210785
99210789
99210791
99210886
99212158
99212161
99212166
99212232
99212233
99212259
99212284
99212288
99212289
99212307
99212472
99212474
99213718
99214971
99219687
99219693
99219696
99219698
99219700
99219705
99219875
99219980
99220047
99221222
99221471
99221473
99221475
99221477
99221486
99221493
99221702
99222007
99222403
99222408
99225218
99225219
99225488
99231754
99232407
99232418
99232419
99232420
99232421
99232423
99232425
99232427
99232432
99232440
99232441
99232443
99232468
99232470
99234469
99237140
99237155
99239622
99239841
99245089
99245163
99245800
99246602
99246603
99246604
99246605
99246606
99246609
99246610
99246612
99246613
99246617
99246672
99246675
99246720
99247172
99247179
99247191
99247207
99247223
99247954
99249763
99249764
99249769
99249771
99249780
99249781
99249783
99249786
99249790
99249907
99250060
99252856
99255332
99256098
99256747
99256750
99256752
99256761
99256764
99256766
99256768
99258181
99258296
99258299
99258306
99258311
99269084
99269085
99269087
99269090
99269093
99277250
99277256
99277258
99277259
99277265
99277268
99277273
99277275
99277276
99280645
99292716
99292717
99292718
99292721
99292723
99292728
99292730
99292731
99292733
99292740
99292744
99292746
99292749
99294975
99295547
99295549
99295552
99295558
99296605
99296672
99339824
99339848
99339887
99339889
99339890
99339921
99339925
99340458
99340478
99340494
99340500
99340511
99340512
99353072
99353584
99358441
99358457
99359177
99361996
99365627
99365628
99365631
99367977
99375500
99375510
99375542
99375543
99375547
99375550
99375552
99375560
99380570
99383337
99383342
99383346
99383349
99383450
99383451
99383453
99383455
99383458
99383461
99383462
99383466
99383468
99383469
99383471
99383473
99383474
99383475
99390667
99390803
99390826
99390830
99390855
99400542
99406208
99407633
99408254
99408402
99416950
99416967
99430791
99432409
99437056
99439863
99444696
99446889
99449391
99455976
99470562
99477089
99598493
